          -40271  -20082             4   2 
           20372  -50400            -2   5 
          -50374   50650             5  -5 
          -50376   20337             5  -2 
          -40270   -9980             4   1 
          -40237  -40290             4   4 
           -9924   40554             1  -4 
           -9955   10239             1  -1 
          -40258   -9980             4   1 
          -50360  -50398             5   5 
           50677  -20076            -5   2 
           50690  -50395            -5   5 
           30496  -40286            -3   4 
          -40231   10234             4  -1 
           20379   50656            -2  -5 
          -20061  -30182             2   3 
           10270  -40294            -1   4 
           20359   20341            -2  -2 
           10267  -50399            -1   5 
          -30155   -9976             3   1 
          -50356   30440             5  -3 
           -9932  -40286             1   4 
           10278  -40289            -1   4 
           10246  -20083            -1   2 
          -40250   -9977             4   1 
           -9932   40548             1  -4 
          -30150  -30190             3   3 
           50695  -20084            -5   2 
           40571   10230            -4  -1 
          -50379   30444             5  -3 
          -30156   40554             3  -4 
           -9959  -30188             1   3 
           30500   20335            -3  -2 
           10290  -20076            -1   2 
           20396  -20085            -2   2 
           30456   40550            -3  -4 
           50684   10230            -5  -1 
           50674   -9975            -5   1 
           10272  -50400            -1   5 
           -9935   10232             1  -1 
           -9931   20344             1  -2 
          -30157   30449             3  -3 
           -9912  -40287             1   4 
          -50376  -50400             5   5 
           -9936   -9976             1   1 
           30506   50659            -3  -5 
           50671  -50391            -5   5 
          -30170  -50399             3   5 
           10259  -40286            -1   4 
           50698  -40288            -5   4 
          -30153  -50399             3   5 
           10243   10239            -1  -1 
           -9944   30440             1  -3 
           -9940   -9978             1   1 
           -9911   50656             1  -5 
           30500   20344            -3  -2 
           40558  -20076            -4   2 
           40580  -40295            -4   4 
           -9959   40551             1  -4 
          -50371   40545             5  -4 
          -30158   10230             3  -1 
           30465  -50396            -3   5 
           10278   30448            -1  -3 
           30460   -9975            -3   1 
           -9911  -30181             1   3 
          -30126   -9973             3   1 
           20380   40554            -2  -4 
           10239  -20079            -1   2 
          -40244   50659             4  -5 
           -9940  -50397             1   5 
           40590   50651            -4  -5 
           50666   20341            -5  -2 
           20394   20344            -2  -2 
           40553  -20078            -4   2 
          -40271  -30190             4   3 
           -9956   30445             1  -3 
           10297  -30190            -1   3 
          -50363  -50391             5   5 
           20359  -30184            -2   3 
           20388   50659            -2  -5 
           50690  -40291            -5   4 
           -9971   30446             1  -3 
           50684   30449            -5  -3 
          -30142   -9979             3   1 
          -30181  -40295             3   4 
          -50340  -20082             5   2 
           -9924   20335             1  -2 
           40609  -40289            -4   4 
          -30163   50650             3  -5 
          -50379  -20082             5   2 
          -20066   -9980             2   1 
          -30179   -9976             3   1 
          -20028  -50391             2   5 
           10254   -9977            -1   1 
          -30178   30449             3  -3 
           10262   -9972            -1   1 
           50699   50659            -5  -5 
           20375  -30183            -2   3 
           30507   10230            -3  -1 
           30508   20343            -3  -2 
          -50331   50658             5  -5 
          -50352  -30184             5   3 
           -9914   -9980             1   1 
           50668   30445            -5  -3 
           20344   50650            -2  -5 
           10251  -30188            -1   3 
          -20077  -30181             2   3 
          -30169  -20080             3   2 
           20368   40545            -2  -4 
           50677  -30186            -5   3 
           30461   50655            -3  -5 
          -40229   -9971             4   1 
           40601   20343            -4  -2 
           50715   30440            -5  -3 
           -9938   -9976             1   1 
          -50372   40549             5  -4 
           30504   40546            -3  -4 
          -50360  -20080             5   2 
          -50344   -9973             5   1 
           50663  -20083            -5   2 
           30507   20344            -3  -2 
           50715   50659            -5  -5 
           30496  -50392            -3   5 
           40609  -30188            -4   3 
           30450  -50395            -3   5 
          -40255   50657             4  -5 
          -20037   30447             2  -3 
           30473   50650            -3  -5 
          -30157  -40295             3   4 
           50690  -20076            -5   2 
           40605   10239            -4  -1 
           10257  -50391            -1   5 
          -40255   50657             4  -5 
           20371   50653            -2  -5 
           10278   50655            -1  -5 
           50675   10239            -5  -1 
           -9940  -40292             1   4 
           40561  -20078            -4   2 
          -30166   -9975             3   1 
           40566   50659            -4  -5 
           10256   30444            -1  -3 
           40609   20340            -4  -2 
           50679  -40286            -5   4 
           10266   -9971            -1   1 
           10262  -20085            -1   2 
           -9912   30448             1  -3 
          -20033   40554             2  -4 
           30483  -20085            -3   2 
           -9959  -50393             1   5 
           10258   40554            -1  -4 
           10270   10238            -1  -1 
           30453  -30181            -3   3 
           20376  -50400            -2   5 
          -40247  -20076             4   2 
           -9959  -20077             1   2 
          -30145  -30187             3   3 
          -30173   10231             3  -1 
          -20021   -9974             2   1 
           30464  -30189            -3   3 
           50707   20335            -5  -2 
           -9932   20343             1  -2 
           40572  -30186            -4   3 
           20363   50650            -2  -5 
           -9940  -50391             1   5 
           40582  -20083            -4   2 
          -50331   -9979             5   1 
           50660  -20076            -5   2 
          -20077   20344             2  -2 
           30488  -30183            -3   3 
          -40279   30442             4  -3 
           30501   -9980            -3   1 
          -30139   50659             3  -5 
           50690  -40289            -5   4 
           30456   10238            -3  -1 
           10274  -40295            -1   4 
           10255   50659            -1  -5 
          -50384   50659             5  -5 
           30480   30441            -3  -3 
          -20016   50655             2  -5 
          -30166   20344             3  -2 
           -9972   30449             1  -3 
           20375  -50391            -2   5 
          -40237   10239             4  -1 
           50671   20341            -5  -2 
           30504   30441            -3  -3 
          -30177   30440             3  -3 
           30448  -20085            -3   2 
           20343  -40295            -2   4 
           50709   -9980            -5   1 
           50676   -9971            -5   1 
           10242   40545            -1  -4 
           -9922  -50400             1   5 
           -9947  -20079             1   2 
           40563  -20085            -4   2 
           40577  -20078            -4   2 
          -30166  -40286             3   4 
           10240   40550            -1  -4 
           10280  -20076            -1   2 
           50690   -9977            -5   1 
           30472   20335            -3  -2 
          -40286   50650             4  -5 
          -20033  -50391             2   5 
           -9932   20336             1  -2 
           -9936  -40289             1   4 
           30488   20336            -3  -2 
           40609  -20079            -4   2 
          -20051   50655             2  -5 
           -9919   30441             1  -3 
          -20052  -20076             2   2 
           30464  -50398            -3   5 
          -40247   30442             4  -3 
           20351  -40291            -2   4 
          -40266  -50400             4   5 
          -50360  -40295             5   4 
           50719   50657            -5  -5 
          -20041  -50396             2   5 
           20383  -50396            -2   5 
           20392  -50394            -2   5 
           50671   30446            -5  -3 
           50706  -50400            -5   5 
           -9943   -9978             1   1 
           50695  -50391            -5   5 
           30448   40553            -3  -4 
          -20051  -20085             2   2 
          -40271   -9976             4   1 
           20375  -30182            -2   3 
           10257   40545            -1  -4 
           30460   40546            -3  -4 
           -9932   10236             1  -1 
          -20061   40552             2  -4 
           30475  -20085            -3   2 
          -40271   50654             4  -5 
           20363  -50400            -2   5 
           50674   50658            -5  -5 
           20401   50659            -2  -5 
           -9914   30440             1  -3 
           30459   -9980            -3   1 
           10254   20343            -1  -2 
          -20050   20344             2  -2 
           40588   30444            -4  -3 
          -30145   -9978             3   1 
           10239   -9971            -1   1 
          -50390   20340             5  -2 
          -40284  -40291             4   4 
           50685   20344            -5  -2 
           50668   30440            -5  -3 
           10264   -9980            -1   1 
           50669   40545            -5  -4 
          -20073   40548             2  -4 
          -20021  -30188             2   3 
           -9951   40545             1  -4 
           20402   50655            -2  -5 
           50706   40545            -5  -4 
          -50376  -20084             5   2 
           10290   50653            -1  -5 
          -20044   10230             2  -1 
           10242   40548            -1  -4 
           10299   50658            -1  -5 
           10264  -50391            -1   5 
           30499   30449            -3  -3 
          -50379   20342             5  -2 
           30497  -30181            -3   3 
           40609  -40287            -4   4 
           10258  -50396            -1   5 
          -40246   40554             4  -4 
           -9919   30442             1  -3 
           40589   50654            -4  -5 
          -50360   10231             5  -1 
           30497   10230            -3  -1 
           30484   30447            -3  -3 
           20352   40550            -2  -4 
           50711   -9979            -5   1 
          -20053   10239             2  -1 
           20399  -50395            -2   5 
          -50357   -9975             5   1 
          -30174   20338             3  -2 
           30481   40549            -3  -4 
           20364   10239            -2  -1 
           20404  -40290            -2   4 
           50690   20337            -5  -2 
           10241   30444            -1  -3 
           30488   20338            -3  -2 
          -30132   40550             3  -4 
           50671  -50398            -5   5 
           40601   50659            -4  -5 
          -50368   50659             5  -5 
           30453   50650            -3  -5 
          -50384  -20077             5   2 
          -30179   -9971             3   1 
           40556   30440            -4  -3 
          -30134   -9972             3   1 
           20380  -20077            -2   2 
           40585   40553            -4  -4 
          -40231   50651             4  -5 
          -50379   50659             5  -5 
           40605  -30190            -4   3 
           20403   50655            -2  -5 
          -40255   40551             4  -4 
           -9932   20335             1  -2 
           10266  -40295            -1   4 
           10247   50651            -1  -5 
           50718   20335            -5  -2 
          -50381   -9975             5   1 
           10243  -40295            -1   4 
           10256   50659            -1  -5 
          -30163  -40291             3   4 
          -30133   40554             3  -4 
          -20024   10232             2  -1 
          -30174   20337             3  -2 
          -40234   -9979             4   1 
           30475   20344            -3  -2 
          -40238   10230             4  -1 
           -9913  -40295             1   4 
          -50367   10239             5  -1 
           -9919   -9971             1   1 
          -20021  -30182             2   3 
          -50357  -30185             5   3 
           -9969  -20076             1   2 
           20393  -50395            -2   5 
           -9972   30447             1  -3 
           30492   -9971            -3   1 
          -50380  -20084             5   2 
          -40258  -40286             4   4 
           30459   20340            -3  -2 
           40573   50659            -4  -5 
           -9967  -30189             1   3 
           10246   10237            -1  -1 
          -20069   10238             2  -1 
           10254   20342            -1  -2 
           50678  -20081            -5   2 
           10289  -40291            -1   4 
           10274   40551            -1  -4 
           50714   10238            -5  -1 
           30504  -20082            -3   2 
           30450   40545            -3  -4 
           30477   20344            -3  -2 
           30468  -20076            -3   2 
          -50356   30447             5  -3 
          -50373  -50391             5   5 
           -9935   30443             1  -3 
           30484   40552            -3  -4 
           50674   10239            -5  -1 
          -50383   -9975             5   1 