x 480    133  143
x 499    1196  1209
y 744    430  450
y 635    483  489
x 611    320  333
x 506    1335  1344
x 573    522  540
x 478    629  640
x 524    1392  1396
y 822    548  559
x 615    380  401
y 570    607  616
y 1085    399  415
x 530    608  620
x 584    192  211
x 531    719  744
x 382    1455  1458
y 1458    382  397
y 1167    476  482
y 1195    443  462
x 528    656  659
y 1732    381  403
x 626    1296  1320
y 732    388  412
x 405    949  953
x 460    646  647
x 505    1565  1586
x 434    548  561
x 594    936  950
x 554    26  30
x 552    1131  1145
x 433    1578  1582
y 1767    422  424
x 569    1066  1088
x 413    658  676
x 592    1133  1156
y 75    490  493
x 516    722  730
x 458    493  504
x 509    342  368
y 1691    506  509
y 1230    534  558
x 527    966  994
x 479    1729  1748
y 1226    483  499
x 602    50  62
y 1156    592  601
x 431    172  176
y 599    468  478
x 472    720  748
x 499    935  939
y 939    499  501
x 602    1228  1234
x 430    731  744
x 402    1090  1093
y 817    412  414
x 609    102  128
x 451    977  986
y 729    394  400
y 1183    553  567
x 435    1236  1253
y 1575    594  596
x 509    1142  1144
y 788    428  455
x 534    923  934
y 1681    579  583
x 430    1556  1558
x 542    1101  1106
x 618    1576  1581
x 403    221  241
x 391    1750  1773
x 448    1557  1558
x 480    1426  1448
x 450    490  499
x 532    1483  1485
x 445    1269  1274
y 205    452  454
x 508    894  901
x 624    1045  1055
y 1672    486  510
x 549    86  92
x 418    1034  1051
y 1544    450  475
x 483    689  699
y 658    463  489
y 1327    531  538
y 1586    496  505
x 429    936  948
y 692    447  471
x 582    1692  1703
x 525    1369  1374
x 445    364  374
x 467    514  531
x 525    830  839
y 1271    559  561
x 585    1657  1659
x 425    1036  1054
x 468    1095  1114
y 1004    454  457
y 161    432  448
x 451    236  247
x 493    85  94
x 409    186  207
x 597    1203  1210
x 544    1292  1303
x 494    1545  1547
y 840    394  412
x 501    329  331
y 802    462  467
x 507    1098  1107
x 438    457  459
x 522    1101  1111
x 437    1307  1329
y 1093    402  427
x 444    1155  1158
x 561    1369  1380
x 544    1196  1209
x 614    320  333
x 450    710  722
y 593    616  626
x 578    76  77
x 560    243  245
y 56    435  456
x 558    953  960
x 535    453  464
x 448    321  323
x 426    419  421
x 403    1499  1502
x 505    209  237
x 538    952  960
x 440    136  140
x 600    778  784
x 499    1748  1750
x 610    1639  1661
x 524    59  64
y 861    386  442
x 469    392  405
x 611    406  432
x 471    1427  1448
x 419    1498  1504
x 555    657  659
y 909    398  400
y 241    381  403
x 539    1456  1469
x 424    811  821
y 1296    573  579
x 610    1330  1348
y 901    508  512
x 515    1256  1259
y 225    467  470
x 471    1585  1610
x 480    823  829
x 568    1749  1755
y 44    541  555
y 1763    601  620
x 549    1224  1226
y 320    611  614
x 551    868  871
x 406    314  315
x 386    847  861
x 461    1308  1329
x 596    268  279
x 577    674  690
x 536    1633  1650
y 1467    473  490
x 515    842  847
x 573    1286  1296
x 503    1391  1407
x 614    775  787
y 59    479  483
y 1050    563  573
x 475    965  977
y 897    442  460
y 870    618  626
x 543    727  749
y 423    580  595
x 565    1137  1147
x 443    783  785
x 467    872  883
y 84    382  405
x 400    900  909
y 529    511  515
x 564    577  603
y 1292    398  414
x 508    1719  1740
y 94    493  496
x 482    872  875
x 552    1559  1566
x 558    1220  1230
x 551    293  308
y 262    576  591
y 234    595  619
x 395    411  413
y 968    582  591
x 531    1322  1327
x 432    155  161
y 1329    437  461
y 1368    383  386
x 425    172  176
x 606    1591  1603
x 564    1333  1337
x 515    506  529
x 606    450  459
x 398    1339  1359
y 686    534  554
x 518    1367  1380
y 1704    482  484
y 1169    388  396
x 499    26  37
x 511    9  18
y 977    598  600
y 414    419  444
x 538    1323  1327
y 171    461  465
x 410    878  885
y 66    562  587
x 539    1671  1677
x 581    1346  1357
x 475    425  430
x 496    628  640
y 1091    520  523
x 447    692  696
y 476    384  391
y 281    540  560
x 422    1740  1767
y 459    435  438
x 429    1264  1279
x 381    1507  1516
y 247    451  468
y 1360    570  587
y 1488    383  391
y 1719    580  586
x 603    1336  1362
x 451    1335  1337
x 563    743  753
x 430    1398  1415
y 1695    431  445
x 436    1577  1599
x 413    1750  1773
x 481    739  744
x 393    674  695
y 1133    431  444
y 1415    413  430
y 558    549  557
x 447    194  208
x 467    793  802
y 280    442  445
x 490    66  75
x 479    44  59
x 569    1443  1445
x 444    1760  1762
y 287    590  594
y 1067    476  479
x 468    575  599
x 474    629  633
x 605    406  432
x 468    237  247
y 180    558  578
y 432    605  611
x 406    1594  1600
x 453    296  309
x 385    673  695
x 439    1038  1050
x 620    102  128
y 847    493  515
x 594    284  287
x 549    364  387
y 1488    526  551
x 450    730  744
x 462    1186  1195
y 155    535  552
y 1579    588  606
x 483    626  635
y 1448    471  480
x 478    574  599
x 514    1332  1341
x 554    680  686
x 476    707  718
x 396    1338  1359
y 504    440  458
y 809    455  474
x 534    579  581
x 409    1075  1077
y 1111    502  522
x 421    1235  1253
x 606    1711  1722
y 341    404  408
y 1075    407  409
x 488    1235  1245
x 393    620  646
y 531    464  467
y 577    497  512
y 1449    495  508
y 1695    388  397
x 451    572  577
y 1623    461  488
y 605    611  627
y 474    553  563
y 512    441  443
x 435    500  518
x 481    609  623
x 531    424  430
x 515    984  993
y 839    525  547
x 584    253  258
x 478    611  621
x 515    1684  1698
x 403    1724  1732
x 559    1266  1271
y 653    476  479
y 1516    381  393
y 1402    549  568
y 707    562  564
y 1566    552  566
x 559    815  822
x 454    1084  1087
x 464    424  451
x 581    1436  1449
x 443    1187  1195
x 399    452  454
x 542    483  491
x 528    1311  1325
x 444    1036  1045
x 460    234  243
y 522    394  414
x 620    313  337
x 529    1558  1567
x 582    1368  1380
y 1362    603  607
x 528    608  620
x 426    1520  1547
x 412    809  817
y 898    605  621
x 555    16  20
x 402    271  275
x 411    936  948
y 893    395  420
x 442    293  304
x 502    592  609
x 625    954  981
x 440    293  304
x 574    1618  1637
x 404    453  454
y 1128    501  504
y 121    469  492
y 1430    389  391
y 1773    391  413
y 430    507  531
y 308    527  551
x 412    1045  1048
y 803    576  598
x 421    16  24
x 601    270  290
x 537    135  141
y 1762    444  463
y 323    448  459
y 174    600  617
y 197    527  540
x 542    297  304
y 222    529  543
x 385    1651  1666
x 528    484  494
x 590    285  287
y 1466    516  520
x 617    172  174
x 422    363  374
x 501    1125  1128
x 503    668  682
x 412    1198  1209
y 1742    408  410
y 1267    573  596
x 574    1308  1322
y 454    399  404
x 508    1011  1021
x 480    1016  1029
y 1581    618  625
x 459    321  323
y 135    497  503
y 744    504  531
y 603    429  447
y 1502    401  403
x 502    546  552
y 1094    508  529
y 1444    434  438
x 396    956  969
x 511    1034  1041
x 439    169  181
x 432    1390  1392
x 590    306  332
x 562    690  707
y 787    608  614
x 398    320  327
x 508    1068  1094
y 1049    485  495
x 562    1543  1546
y 1610    468  471
x 438    783  785
x 598    797  803
x 526    1478  1488
x 433    108  111
y 883    435  467
y 374    422  445
x 482    297  305
x 614    1434  1445
y 875    546  562
y 1277    550  568
y 401    615  623
y 1485    532  541
y 143    455  480
x 524    1217  1239
x 512    895  901
y 1421    442  452
x 463    648  658
x 451    388  391
y 438    543  570
y 640    478  496
y 430    475  482
x 482    426  430
x 427    1221  1229
y 1285    483  533
y 695    385  393
x 460    893  897
x 590    1672  1684
x 516    328  331
y 527    553  566
x 381    148  168
x 425    1465  1492
y 1009    442  466
x 542    613  637
x 457    383  395
x 413    1397  1415
x 452    424  438
x 588    233  240
x 559    623  629
x 450    814  826
x 520    1391  1396
x 476    216  229
y 1359    396  398
x 489    626  635
y 1256    515  518
x 560    1309  1322
x 386    1350  1368
x 476    177  187
x 454    1578  1599
x 484    1749  1750
x 568    1390  1402
x 601    1630  1639
x 558    1575  1584
x 443    511  512
x 393    492  502
x 399    1181  1207
y 1552    525  535
x 518    813  833
x 494    1685  1698
y 1423    576  580
y 953    405  407
y 395    433  457
x 625    678  680
y 738    439  442
x 572    1443  1445
x 568    186  194
y 1697    573  576
y 1144    509  511
x 415    1064  1085
y 1210    595  597
y 624    405  414
x 516    1332  1341
x 428    1025  1028
x 567    770  773
x 579    1483  1506
y 78    485  501
x 512    1121  1131
y 744    594  596
x 403    1762  1764
x 575    1652  1663
x 576    1483  1506
x 405    69  84
y 1558    430  448
x 401    1498  1502
y 258    581  584
y 1371    570  576
y 623    521  536
x 482    1164  1167
y 203    452  454
y 388    449  451
x 584    777  784
x 417    553  577
y 1229    415  427
y 1599    436  454
x 431    198  199
x 507    425  430
x 512    570  577
x 458    261  264
y 749    543  557
x 386    411  413
x 412    470  483
x 468    559  564
y 595    515  524
x 581    700  721
x 615    1045  1055
y 1703    559  582
x 384    1545  1547
y 1369    523  525
x 606    1273  1278
y 878    456  461
x 413    878  885
x 492    1120  1131
y 784    584  600
x 412    715  732
x 612    836  852
x 504    1515  1541
x 386    313  315
x 483    87  100
x 481    547  552
x 483    1275  1285
x 455    91  105
x 585    1067  1088
x 568    758  762
x 546    1329  1341
y 699    440  483
x 521    603  623
x 456    875  878
x 420    185  207
x 435    39  56
y 1209    412  439
x 435    1035  1054
x 598    975  977
y 1142    509  511
x 495    1026  1049
y 382    578  591
y 1682    518  522
x 433    1610  1636
x 598    1652  1663
y 1279    429  452
y 498    612  626
x 535    1541  1552
x 455    572  577
x 403    1033  1051
x 403    489  496
x 529    1677  1681
y 1322    560  574
x 412    828  840
x 601    1133  1156
x 464    1169  1179
x 442    995  1009
x 488    8  18
x 603    954  981
y 846    563  588
y 618    461  464
y 621    417  478
y 1743    588  608
x 486    1668  1672
y 533    439  442
x 483    1217  1226
x 420    867  893
x 572    406  410
x 427    246  262
y 24    421  447
x 464    255  269
x 589    1632  1643
x 447    1036  1045
x 399    1063  1085
x 590    911  923
x 560    1138  1147
y 519    400  402
y 1740    508  528
x 546    863  875
x 533    1275  1285
y 878    410  413
x 546    1464  1466
y 1341    514  516
y 655    476  479
x 460    1136  1145
x 453    1359  1368
y 1376    570  576
x 586    294  299
x 445    1693  1695
x 546    1224  1226
x 627    601  605
x 491    740  744
y 1163    519  528
y 1700    573  576
y 1030    517  535
x 444    448  462
y 878    470  490
y 1337    433  451
x 450    3  28
x 382    69  84
x 547    831  839
y 1245    488  510
x 422    1351  1360
y 666    595  616
y 744    481  491
x 563    1027  1050
x 608    1186  1192
y 1730    442  450
x 441    755  768
x 542    980  1003
x 620    24  43
y 1637    563  574
x 581    452  474
y 286    523  534
y 299    583  586
y 637    542  566
x 553    451  474
x 496    1566  1586
x 491    1214  1222
x 553    880  884
x 406    1348  1373
x 589    1259  1261
y 1269    442  445
x 394    828  840
y 1778    613  622
y 682    476  503
x 570    1348  1360
y 1106    573  581
y 829    468  480
y 229    453  476
x 440    1520  1547
y 207    409  420
x 448    750  759
y 577    451  455
x 486    964  977
x 405    577  579
x 549    1389  1402
y 1010    563  585
x 454    999  1004
y 1209    499  544
y 208    447  463
y 1755    568  592
y 1234    575  602
y 1722    545  606
x 591    962  968
x 451    946  951
x 552    146  155
x 543    414  438
x 629    1772  1781
y 387    540  549
x 456    1016  1029
x 578    376  382
x 440    470  483
x 588    1589  1598
x 506    1687  1691
x 432    711  722
x 621    890  898
x 595    1455  1466
x 450    1096  1114
x 403    1256  1258
x 618    862  870
x 573    1673  1684
x 523    1089  1091
x 508    1423  1449
y 944    384  391
y 925    422  473
x 624    196  210
y 1492    415  425
y 609    502  512
y 1059    580  602
x 504    718  744
x 559    1693  1703
x 392    1651  1666
x 534    898  904
x 527    294  308
x 473    912  925
x 546    759  762
x 458    630  633
x 595    640  666
y 680    614  625
x 495    1423  1449
x 464    92  105
x 522    1661  1682
y 948    411  429
x 607    644  663
y 1274    442  445
y 264    450  458
y 462    427  444
x 540    279  281
x 455    795  809
x 493    841  847
x 499    1139  1149
x 447    1580  1593
y 515    612  622
x 560    1241  1253
y 821    405  424
x 557    623  629
x 455    1685  1700
x 429    793  804
x 517    1735  1737
y 1392    432  451
x 408    1045  1048
x 570    566  586
y 1026    593  608
x 435    872  883
x 579    770  773
x 591    246  262
x 456    178  187
x 395    867  893
x 476    653  655
x 599    271  290
x 566    526  527
x 510    1669  1672
y 1547    426  440
x 612    1541  1549
y 690    575  577
x 525    1541  1552
x 515    579  595
x 506    774  783
x 613    1774  1778
x 508    1157  1168
x 469    1194  1213
y 993    507  515
x 585    1289  1300
y 572    451  455
y 128    609  620
y 1165    519  528
x 504    383  388
x 616    584  593
y 1088    569  585
x 405    489  496
x 466    1156  1158
x 416    1134  1140
x 408    529  541
y 237    505  512
y 1641    381  404
x 452    1403  1421
x 462    37  59
x 561    1333  1337
x 544    1634  1650
x 408    1729  1742
x 594    744  753
y 1065    382  389
x 402    507  519
x 494    858  870
x 393    268  279
x 548    815  822
y 1610    381  384
x 547    979  1003
x 561    1753  1779
y 168    517  532
x 405    812  821
x 581    25  30
y 623    481  493
x 472    391  405
x 398    900  909
x 482    1698  1704
x 523    1369  1374
y 551    515  524
x 450    549  561
y 374    515  524
x 475    1521  1544
y 261    450  458
y 110    397  412
x 576    267  279
x 467    892  905
y 1698    494  515
x 477    1728  1748
x 427    1090  1093
y 1560    468  470
x 407    793  804
y 987    463  467
y 1666    385  392
x 419    1159  1167
y 918    576  587
x 561    1498  1512
y 1645    452  468
x 515    365  374
x 439    368  371
x 443    1580  1593
x 430    313  341
y 773    567  579
y 1320    615  626
y 946    603  607
y 646    393  401
x 521    25  37
x 444    1122  1133
x 412    1698  1706
x 622    504  515
x 508    857  870
x 399    157  180
x 469    110  121
x 436    1455  1466
y 1341    546  570
y 341    425  430
x 520    1089  1091
x 424    91  106
x 402    95  99
y 391    449  451
x 462    1373  1395
x 462    234  243
y 871    551  556
x 607    1337  1362
x 425    314  341
y 543    381  391
x 585    1259  1261
x 528    1163  1165
x 411    269  279
x 523    268  286
x 384    925  944
y 199    423  431
x 579    881  884
y 1750    484  499
x 543    578  581
x 600    171  174
y 176    425  431
x 553    191  202
x 396    1143  1169
x 434    1438  1444
x 550    1263  1277
x 575    1227  1234
y 330    442  465
x 615    197  210
y 187    456  476
x 435    457  459
y 1149    499  520
y 768    417  441
y 459    594  606
x 569    325  352
y 904    534  557
y 167    468  504
y 1300    568  585
x 558    161  180
x 601    136  139
x 410    1728  1742
y 139    601  611
y 1684    573  590
x 611    193  211
y 1186    520  536
y 1321    413  418
x 440    492  504
x 474    1480  1485
x 618    279  289
x 433    340  352
y 541    408  448
x 393    1508  1516
y 1532    526  606
y 1600    406  416
y 758    588  604
y 579    397  405
x 433    1334  1337
y 608    528  530
x 520    19  22
x 615    1296  1320
y 945    421  423
x 573    1590  1598
x 524    545  551
x 497    126  135
x 579    1670  1681
y 332    590  600
x 536    1175  1186
x 563    988  1010
y 483    412  440
x 610    1082  1092
y 1639    597  601
x 412    491  502
y 1158    444  466
x 389    1430  1432
x 582    1195  1203
x 562    88  100
y 92    525  549
x 382    1038  1065
y 944    581  584
x 612    1610  1624
x 557    1370  1382
y 44    443  445
y 676    413  423
x 496    298  305
x 464    904  907
y 1357    579  581
x 461    1622  1623
x 436    855  858
x 615    1541  1549
x 439    533  535
y 583    597  604
x 484    872  875
y 1062    476  479
y 870    494  508
x 543    217  222
y 1003    542  547
y 305    482  496
x 458    946  951
x 451    339  352
x 580    1411  1423
x 594    1563  1575
y 1549    612  615
x 470    223  225
y 1167    403  419
x 536    602  623
y 77    578  591
x 505    1178  1187
y 1133    394  397
x 434    596  600
x 447    591  603
x 484    560  564
x 513    459  478
x 581    651  653
x 573    1103  1106
x 404    1627  1641
x 388    1674  1695
x 529    1067  1094
x 439    1198  1209
y 269    439  464
x 516    1439  1466
x 457    1137  1145
x 394    510  522
x 583    270  272
x 456    38  56
x 599    216  224
x 508    913  922
x 442    533  535
x 594    450  459
x 496    85  94
y 1380    561  582
x 576    1697  1700
y 211    584  611
x 540    365  387
x 570    103  106
y 1506    576  579
x 412    90  110
y 450    476  498
x 397    1674  1695
x 567    1101  1106
y 1567    529  532
x 546    19  22
x 561    1671  1677
x 616    545  570
y 106    419  424
y 1435    384  401
y 1504    419  442
x 506    813  833
x 561    1266  1271
x 414    609  624
x 586    1714  1719
y 1090    441  502
y 762    546  568
x 534    1157  1168
x 406    95  99
y 1140    416  426
x 389    1181  1207
x 442    728  738
x 576    1371  1376
x 490    857  878
y 1584    558  574
y 18    488  511
x 585    987  1010
y 1714    580  586
x 596    1563  1575
x 608    1024  1026
y 1266    475  495
x 403    831  836
x 476    441  450
y 1095    593  619
x 587    135  139
y 875    456  461
y 712    586  593
x 476    1062  1067
y 391    494  511
x 446    751  759
x 485    1027  1049
x 611    601  605
x 511    1098  1107
x 429    135  140
x 626    584  593
x 571    373  399
x 408    1546  1547
x 398    1286  1292
x 559    1542  1546
y 759    446  448
x 384    462  476
x 426    1133  1140
x 504    1125  1128
x 587    60  66
y 1029    456  480
x 462    793  802
x 455    779  788
x 397    1123  1133
x 501    383  388
x 521    1545  1547
y 275    400  402
x 457    999  1004
x 606    1566  1579
x 553    525  527
y 30    554  581
y 100    556  562
x 492    932  945
x 593    496  507
x 557    727  749
x 415    321  327
x 556    89  100
x 600    307  332
x 515    545  551
x 562    863  875
x 535    1026  1030
y 1597    613  616
x 591    377  382
y 331    501  516
y 405    469  472
x 516    1391  1407
y 494    520  528
x 588    1414  1427
x 580    1714  1719
x 584    931  944
y 1380    518  533
x 501    69  78
x 473    1718  1727
y 327    398  415
x 397    578  579
x 468    1585  1610
x 579    1286  1296
x 405    610  624
x 601    644  663
y 1738    598  601
x 481    343  368
y 168    381  391
y 722    432  450
x 464    1717  1727
x 557    556  558
y 1774    613  622
x 482    1515  1541
x 522    235  261
x 450    667  681
x 494    380  391
x 502    1100  1111
x 528    1720  1740
x 415    1221  1229
y 1593    443  447
x 549    556  558
y 474    581  585
y 1131    492  512
x 384    1609  1610
x 449    388  391
x 410    855  858
x 546    1367  1376
y 22    520  546
x 574    1575  1584
y 1669    465  475
y 951    451  458
x 490    1463  1467
x 426    1632  1655
x 562    61  66
x 487    48  59
y 1373    406  428
x 451    1391  1392
x 613    1186  1192
y 977    475  486
x 448    1479  1485
y 290    599  601
x 422    913  925
x 507    931  945
x 468    824  829
y 1325    508  528
x 459    1686  1700
x 510    722  730
y 499    450  452
x 414    246  262
x 611    137  139
x 513    913  922
x 436    815  826
y 1226    546  549
x 591    1611  1624
x 445    280  284
x 623    1590  1603
x 452    490  499
y 502    393  412
x 381    1627  1641
x 595    1204  1210
x 619    1079  1095
x 606    1544  1555
x 520    1140  1149
x 601    1752  1763
x 381    539  543
x 555    136  141
x 549    1367  1376
x 616    1588  1597
y 1407    503  516
y 783    493  506
y 581    534  543
y 748    470  472
x 423    657  676
x 394    727  729
x 524    1253  1263
x 563    820  846
y 95    402  406
x 391    461  476
y 245    560  570
x 502    1479  1486
x 524    578  595
x 517    922  934
y 1351    419  422
x 601    1730  1738
x 576    901  918
x 475    1130  1139
y 1742    484  489
y 478    490  513
x 509    1687  1691
x 419    170  181
x 615    278  289
y 994    524  527
y 564    468  484
y 1764    403  407
y 905    467  485
x 593    712  715
y 1084    454  467
x 613    1082  1092
y 1466    436  460
y 59    462  473
y 600    434  439
y 647    457  460
x 556    868  871
x 583    17  20
x 598    11  15
x 588    819  846
x 399    831  836
x 521    1292  1303
x 391    540  543
y 1253    542  560
x 595    416  423
y 1253    421  435
x 534    1219  1230
x 540    187  197
x 605    889  898
x 423    197  199
x 528    1173  1181
y 1700    455  459
x 566    612  637
y 1681    529  532
x 391    148  168
x 419    92  106
y 1376    546  549
x 472    667  681
y 1427    568  588
y 981    603  625
x 479    653  655
y 1360    470  555
x 616    640  666
x 444    403  414
x 415    1465  1492
x 450    1057  1070
x 381    221  241
x 591    1546  1552
y 561    434  450
y 558    439  442
x 599    1456  1466
x 532    1678  1681
x 442    546  558
x 551    787  809
x 484    1715  1742
y 1070    450  492
x 622    1774  1778
y 535    439  442
x 441    510  512
x 489    1714  1742
x 606    1523  1532
x 604    741  758
x 555    34  44
x 492    110  121
y 899    474  478
y 421    414  426
y 620    528  530
x 465    170  171
x 593    1078  1095
y 907    456  464
y 858    410  436
x 550    577  603
x 468    1372  1395
y 496    403  405
x 457    645  647
x 508    1312  1325
y 304    440  442
x 451    277  288
x 517    59  64
x 452    1641  1645
x 413    1314  1321
x 578    187  194
x 602    495  507
x 383    1467  1488
y 1603    606  623
x 563    1619  1637
x 587    1349  1360
x 443    42  44
y 1203    582  590
y 180    399  415
y 42    401  409
x 463    971  987
x 506    47  59
x 499    1216  1226
x 463    195  208
x 552    1238  1250
x 613    1588  1597
x 584    566  586
x 450    1520  1544
y 388    501  504
y 1250    552  554
y 262    414  427
x 414    1285  1292
x 619    1640  1661
x 616    935  950
x 428    1347  1373
x 477    1647  1652
x 415    156  180
x 472    137  140
x 414    419  421
y 1432    389  391
x 557    324  352
y 1263    498  524
y 1546    559  562
x 397    792  804
x 413    1579  1582
x 566    1559  1566
y 1261    585  589
y 1092    610  613
y 945    492  507
x 442    1609  1636
y 1466    595  599
x 476    1164  1167
x 419    1351  1360
x 603    312  337
x 442    1497  1504
y 934    517  534
y 804    407  429
y 804    383  397
x 608    1733  1743
x 492    128  139
y 1396    520  524
x 453    217  229
x 541    34  44
x 573    1697  1700
x 427    449  462
y 1624    591  612
y 279    576  596
y 399    562  571
y 1051    403  418
x 626    11  15
x 403    1160  1167
y 884    553  579
x 550    1753  1779
x 439    728  738
x 597    1630  1639
x 442    894  897
x 540    1369  1382
y 271    400  402
x 587    900  918
x 421    942  945
x 439    596  600
x 408    335  341
x 556    190  202
y 304    542  545
y 1469    539  592
x 461    616  618
x 590    1195  1203
x 567    1161  1183
y 479    621  625
y 309    434  453
y 1213    469  479
x 539    1033  1041
y 1045    444  447
y 1598    573  588
x 417    755  768
x 595    231  234
x 442    319  330
y 64    517  524
x 493    609  623
y 1187    477  505
y 1348    610  613
x 500    1648  1652
x 607    545  570
x 573    1256  1267
x 401    29  42
x 570    413  438
y 1179    464  468
x 560    278  281
y 410    560  572
x 460    137  140
x 511    129  139
x 568    1264  1277
x 439    569  580
x 572    134  139
x 431    1694  1695
x 588    740  758
x 401    621  646
x 566    1547  1552
x 569    652  653
x 391    1430  1432
y 1077    407  409
x 555    1350  1360
y 261    522  549
x 474    796  809
y 580    439  463
x 554    1238  1250
x 468    1169  1179
x 520    485  494
x 545    297  304
x 526    1522  1532
x 485    68  78
x 598    1730  1738
x 493    66  75
y 280    494  498
y 172    425  431
x 501    935  939
x 520    1176  1186
y 106    542  570
y 1259    515  518
x 625    1543  1555
x 465    1659  1669
y 1449    553  581
x 455    3  28
x 592    1750  1755
x 467    223  225
y 464    516  535
x 512    592  609
y 1192    608  613
x 541    1483  1485
x 400    507  519
y 809    528  551
y 603    550  564
x 590    270  272
y 352    433  451
y 224    581  599
y 1168    508  534
y 1382    540  557
x 619    230  234
x 481    1480  1486
x 503    126  135
y 1779    550  561
x 400    727  729
x 484    1699  1704
x 520    1438  1466
x 495    1256  1266
x 436    425  438
y 181    419  439
y 577    410  417
y 1145    526  552
x 542    1240  1253
x 416    1593  1600
x 404    335  341
x 528    787  809
y 969    396  437
x 602    1055  1059
x 524    966  994
y 1139    475  487
x 447    16  24
y 141    537  555
x 475    1659  1669
x 488    1621  1623
y 288    424  451
y 696    447  471
x 487    1130  1139
y 1258    403  411
x 518    1662  1682
x 579    1346  1357
x 447    109  111
x 389    1038  1065
x 466    996  1009
y 718    476  486
x 568    1413  1427
x 478    889  899
x 423    942  945
y 518    418  435
y 28    450  455
y 922    508  513
y 1054    425  435
x 410    552  577
x 439    256  269
x 534    268  286
x 440    690  699
x 511    379  391
x 461    875  878
y 753    594  596
x 471    692  696
y 836    399  403
x 480    458  466
y 62    602  623
y 1466    546  548
y 270    583  590
y 100    483  503
x 468    1550  1560
x 581    253  258
y 1652    477  500
x 424    1632  1655
x 580    1055  1059
y 1748    477  479
x 549    236  261
x 548    1464  1466
x 434    1323  1330
y 466    462  480
x 479    1193  1213
y 1050    439  456
y 1555    606  625
y 105    455  464
x 562    482  491
x 578    161  180
y 1582    413  433
x 594    1433  1445
y 333    611  614
y 1087    454  467
y 721    581  602
x 570    1371  1376
y 1330    426  434
y 1041    511  539
x 434    295  309
y 37    499  521
x 407    948  953
y 1222    491  493
x 386    1698  1706
y 111    433  447
x 600    975  977
x 381    1608  1610
x 439    546  558
x 627    1272  1278
x 517    1027  1030
x 562    232  240
x 532    162  168
x 532    1557  1567
x 473    38  59
x 418    500  518
x 613    1329  1348
y 1636    433  442
x 620    1752  1763
x 474    889  899
x 562    372  399
y 117    499  518
x 397    1455  1458
y 586    570  584
y 1374    523  525
x 623    50  62
x 467    1084  1087
x 426    1324  1330
x 626    493  498
y 383    501  504
x 607    938  946
x 456    1039  1050
y 681    450  472
x 527    186  197
x 391    926  944
x 407    1075  1077
x 418    1313  1321
x 494    272  280
x 398    1301  1322
x 465    318  330
x 428    778  788
y 1650    536  544
y 629    557  559
x 479    1062  1067
y 371    436  439
x 464    514  531
x 452    1265  1279
y 833    506  518
x 511    1142  1144
x 483    45  59
y 1541    482  504
x 492    1057  1070
x 452    626  632
y 644    601  607
x 411    1256  1258
x 581    1104  1106
x 468    1641  1645
x 596    744  753
x 522    1334  1344
y 368    481  509
x 603    938  946
x 419    402  414
y 352    557  569
x 436    368  371
y 1661    610  619
x 581    216  224
y 1055    615  624
y 253    581  584
y 875    482  484
x 564    689  707
x 460    1454  1466
y 623    557  559
x 576    245  262
x 438    1437  1444
y 272    583  590
y 243    460  462
x 462    457  466
y 507    593  602
y 20    555  583
y 1322    398  408
x 489    648  658
x 464    616  618
y 1303    521  544
y 633    458  474
x 585    451  474
x 517    163  168
x 570    1329  1341
x 503    1012  1021
y 1028    428  448
y 1445    594  614
x 502    1078  1090
y 715    586  593
x 409    29  42
x 604    570  583
x 529    218  222
x 433    384  395
x 573    742  753
x 383    1350  1368
x 470    858  878
y 1643    589  607
x 545    1711  1722
x 486    708  718
x 468    155  167
x 442    1404  1421
y 451    464  471
y 1181    525  528
x 612    492  498
x 470    1349  1360
x 381    1723  1732
x 519    1163  1165
x 424    1740  1767
x 442    1359  1368
y 1368    442  453
x 600    522  540
y 1114    450  468
y 1360    419  422
x 534    680  686
y 15    598  626
y 1659    585  588
x 576    1411  1423
x 507    983  993
x 593    1024  1026
y 337    603  620
x 497    569  577
y 540    573  600
y 1706    386  412
x 581    931  944
y 552    481  502
x 524    365  374
y 1552    566  591
x 431    1122  1133
x 407    1762  1764
x 397    90  110
x 470    1551  1560
x 401    1420  1435
y 1207    389  399
x 583    295  299
y 1147    560  565
x 463    1759  1762
y 960    538  558
x 560    406  410
x 570    244  245
y 1486    481  502
x 414    809  817
x 452    203  205
x 592    1456  1469
y 279    393  411
y 935    499  501
x 607    1633  1643
y 289    615  618
x 445    42  44
y 730    510  516
x 408    1302  1322
x 504    154  167
x 383    791  804
x 535    147  155
x 439    627  632
x 476    669  682
x 388    1143  1169
x 477    1178  1187
x 625    1575  1581
y 1344    506  522
x 525    1173  1181
x 437    956  969
x 394    1123  1133
x 573    1028  1050
y 315    386  406
y 1445    569  572
x 493    775  783
x 518    106  117
x 563    450  474
x 450    1716  1730
x 588    1732  1743
x 626    863  870
x 557    897  904
x 442    848  861
x 602    700  721
y 785    438  443
x 582    962  968
y 852    612  617
y 1655    424  426
x 580    416  423
y 663    601  607
y 986    381  451
y 194    568  578
y 491    542  562
x 424    276  288
x 576    798  803
y 438    436  452
x 448    156  161
x 450    261  264
x 525    87  92
y 321    448  459
y 1663    575  598
x 511    507  529
x 429    592  603
x 467    971  987
x 485    891  905
x 625    460  479
y 99    402  406
y 826    436  450
y 1048    408  412
x 625    24  43
y 139    572  587
y 1781    607  629
y 653    569  581
x 454    203  205
x 498    272  280
x 448    530  541
x 518    1256  1259
x 623    381  401
y 43    620  625
x 596    1256  1267
x 553    1160  1183
x 517    1216  1239
x 597    569  583
y 1278    606  627
y 140    429  440
x 591    75  77
y 753    563  573
y 1737    517  522
y 1547    494  521
y 1337    561  564
x 612    504  515
x 588    1565  1579
y 223    467  470
y 240    562  588
x 442    280  284
x 526    1130  1145
y 139    492  511
x 512    209  237
y 1512    538  561
y 1485    448  474
x 381    976  986
x 388    714  732
x 448    1026  1028
y 885    410  413
x 575    674  690
x 470    721  748
x 442    1715  1730
x 442    1269  1274
x 583    1670  1681
y 1239    517  524
y 284    442  445
y 1395    462  468
x 553    1436  1449
y 632    439  452
x 568    1288  1300
x 538    1499  1512
x 617    836  852
x 510    1235  1245
x 588    1657  1659
y 1677    539  561
x 490    459  478
x 441    1077  1090
x 461    169  171
x 551    1479  1488
x 473    1464  1467
x 471    425  451
y 1106    542  567
y 659    528  555
y 1021    503  508
x 542    104  106
y 202    553  556
x 414    509  522
x 499    105  117
x 608    776  787
y 1259    585  589
x 493    1214  1222
x 456    903  907
x 400    271  275
x 516    452  464
x 614    679  680
x 475    1255  1266
x 586    712  715
x 463    569  580
x 503    88  100
x 533    1366  1380
y 942    421  423
x 498    1252  1263
y 59    487  506
y 1145    457  460
y 1107    507  511
x 621    461  479
y 950    594  616
y 210    615  624
x 596    912  923
x 417    610  621
x 498    441  450
x 384    1421  1435
x 455    132  143
x 522    1735  1737
x 607    1771  1781
y 923    590  596
y 413    386  395
y 1727    464  473
y 140    460  472
x 391    1468  1488
y 1547    384  408