     38356421 22835480 84201287     72070953
     97613107 50076789 45526453     66983269
     68379414 14330890 -4581478     96529900
     52231083 237519472 46265506     66952099
     91885410 33285879 66901096     86228716
     48631753 54378931 43771779     76396259
     37597096 55768140 40020220     74513275
     53982956 45221181 39964115     95699592
     85018263 74385192 43239561     76410177
     -8578187 58662167 49476157     78817007
     86096564 88149343 42673147     90686013
     25697023 26250193 71231012     68345389
     88229108 51658779 20499943     70326491
     45755695 91552076 53427528     64502638
     -9034930 57479726 60437251     89052878
     50170154 -2393597 41299822     54591742
     53077188 35453788 94177201     72528701
     46601418 45043864 107824457     73236693
     51536653 99201357 47643393     72148367
     51086585 113076821 41043723     78974217
     95979593 53489729 70927704     94164181
     -9881905 59124912 40857292     71965070
     533956 47213064 47060379     55839988
     83955302 -10758981 41462536     96904841
     63934905 54886540 103840237     96428713
     101030736 51191927 44910995     70900606
     -35321646 51435515 30190570     95838579
     39163629 67097980 80368892     70403681
     20869090 35409749 40419131     57786227
     112520367 161211328 69290013     55898674
     80767177 50826222 71249080     76609543
     92046010 14716724 60155562     98212861
     52154972 95917162 23477940     75532762
     85928336 25851139 53481343     74286758
     45642199 68192496 72725382     60327302
     26337234 79335891 42879805     57979010
     47003639 108836377 29404778     77373702
     77633432 57843504 66684359     75928240
     48452985 90679210 42592973     55492246
     125440459 45582479 49714924     94504808
     69791616 31684598 68193539     67028588
     40776499 60601171 70685900     52611040
     77122582 34840824 50665078     53674998
     40970288 48761615 90713949     60605714
     52487030 50661755 87962058     64877774
     94957547 38465066 45705799     62926643
     87173610 58874552 72200890     92016246
     -15019758 47284005 45991845     70396062
     59307358 113216722 47272792     93563819
     125951158 46781659 46854929     93354946
     112503268 35237973 46904529     84897895
     45717697 25971309 41841391     89232641
     70268240 58761777 79839304     82636463
     81967861 23444281 53104026     72355620
     114513690 50215825 53328108     91824686
     74324513 33710528 382759     78130918
     77842260 67563816 26908569     69436080
     48153038 84774738 48831701     55526536
     47659900 52269821 77934825     51631530
     122960910 45421034 44531140     86680010
     91883585 54257041 67624130     87531743
     53080523 120638218 40380474     87866139
     13484619 46330208 80239800     75185920
     90227062 33943771 45243287     62254676
     45385200 66430284 51336975     69837068
     -42631085 45429470 43154426     93315468
     133821343 39555438 44295964     99289947
     81696761 40137747 28271992     51186672
     -11819066 70421737 50788943     95130185
     54709669 48171463 35124845     70397237
     6278195 63838484 66087160     85747919
     78737217 46752572 67939848     67196692
     45410573 98860373 41266184     59304108
     100594168 45693454 37378015     59848074
     56836602 48072060 117516410     96192050
     60059156 50161938 43761412     58144420
     66252508 95617911 58667597     94304933
     81380590 18107704 58653238     82654140
     8980291 55925357 28322329     57894725
     99394130 46268981 78125878     97555918
     67339838 37349458 84497706     75216297
     77413288 50395128 59152676     60728034
     95034222 51353049 50025615     70180027
     53594166 45816015 -32401270     82749924
     102477468 45759998 55877796     77882176
     50006245 76300195 80985088     81058459
     4188793 74623089 50405095     82939881
     92307797 44873458 53645797     64594003
     50694443 27673921 3829394     57090831
     52655881 54681246 29766477     91275098
     -9662356 60182079 58907992     90853064
     91296508 78008717 55196572     98269300
     55132771 44512394 36402979     69128852
     71248165 7706417 17353586     84087793
     45193386 82424198 49049573     50434089
     5814557 44777123 16736138     61498425
     81135335 54164579 64849360     73916196
     65318122 71532105 39920476     50537689
     4379520 51835299 74695665     84251895
     59473584 50364934 6910540     53866501
     53831397 59411717 76792440     63802615
     105521503 46170749 35568621     67062133
     52906260 46017447 -12471497     62333713
     116093514 56856082 42064328     88781268
     56392487 117176043 42516507     89852286
     60655084 101272151 42611836     78305996
     72696701 54802036 88057906     89323597
     67772529 63286987 48298231     53124705
     51482523 47308165 41703207     92923250
     45174719 45153635 111263712     75358996
     76304574 74764510 42537623     67374082
     91451816 19050278 46965779     80095351
     84659532 51121771 46305295     55853626
     89581161 56591940 42420194     62360215
     61399725 87253930 54595020     77015613
     34178530 95427946 60707674     84057568
     78605943 92836587 29447567     92933502
     28534676 65223796 56689081     55478658
     66733602 70113456 42492890     53107091
     90085894 70833735 23102714     88755461
     69249103 47808334 70550279     61374749
     127790988 31740076 35304068     98646408
     69312114 76545360 49298962     68923380
     184095096 54339613 104517816     57836295
     93054216 77079783 43341675     87243041
     54560622 95390086 44018988     67736641
     53742293 67135933 97584669     92229915
     11133389 72902369 54689837     78559528
     62740448 56872177 -1576734     72127856
     51704965 107043551 66010800     98526252
     76153258 84206781 46553812     80680795
     94949908 66149947 48741271     83608212
     108153149 52243681 49390142     83554052
     87080293 32415373 72609723     88002694
     113505526 52195729 47548739     87016931
     75566515 59768969 43458502     52560932
     61072434 56184032 85348387     76371791
     108237971 53553370 56841936     92400192
     61304682 70060509 85984139     91116253
     65093294 70210710 51836928     60907863
     11871417 54133650 49220449     53583198
     53529495 67841700 79867590     75005798
     80369928 56137440 41795277     52069571
     -6354740 53852558 57245425     79553191
     120999292 56902336 46941403     98609944
     52861085 16009211 81808277     79388172
     59918209 47134850 80693280     61514040
     51920210 53345992 75885005     54918133
     88463835 45447050 50443291     58121121
     72175520 59139259 69971819     75053578
     90442536 84313665 46023854     94547335
     45837556 46009634 86891866     52506020
     83860094 62337228 63147231     83111757
     95586258 46317468 41235189     56905828
     66233889 71502316 27274999     61399926
     46901538 50981538 100925965     72575977
     60058070 87261788 45588183     66674983
     50334095 60363766 106149669     90614777
     24510064 71922271 59270092     68782896
     -8058869 72951837 51954583     95065727
     111714137 47084632 51086474     83652331
     41548478 51754918 45799828     84246505
     40971232 108845007 43330086     73304322
     108528794 47577425 67247329     97120857
     31394002 69844948 74756628     75308014
     4629143 18461842 14823849     88318302
     -666766 53537175 58297782     74602680
     74829254 80448670 55146925     84191903
     74479955 65320364 58193356     71761114
     49586334 60424469 94355192     78132922
     48237745 60753612 48919408     57233968
     218596377 50150373 64955750     89447663
     42922879 48299734 94386734     61864099
     116355768 44527086 12836105     98985245
     64197806 29599790 57380362     52706508
     118636780 28907772 42793927     93251554
     50517269 51762364 35490089     87845615
     87597392 62740229 33765215     67511229
     60296828 90069662 50773502     74906914
     55461216 27236492 76266461     65219202
     9614675 59856826 48801381     61144023
     89977049 65298814 50063024     79105799
     49091808 42075568 68581652     54281672
     67923038 75070105 53737092     70497345
     127206254 47692025 40205383     88870620
     52221082 48565841 47232723     95516519
     99236014 56780157 35591685     71363079
     48044235 50807842 55920425     99127438
     50952661 84543415 52870729     62133738
     114632533 59537916 34634445     90474755
     82798259 45296388 50037192     51898835
     126883685 47001712 42473847     90126200
     87648420 36125219 40366589     52618348
     89935172 53622121 61302981     78627258
     56532016 47756733 -1847885     57075108
     108187372 44525333 39630190     66109836
     85396835 46479712 73508133     79151619
     42599748 121883924 33724139     84832028
     78366446 42099841 18915145     55251329
     11075764 54490580 68645464     74160803
     84618761 67610653 37469322     65699221
     60570394 -21952507 42349562     85600727
     95040598 40397461 43326916     58698177
     67337426 55528633 61179359     57812487
     427369 45875759 54967827     62516679
     99366764 45190223 41203907     59527980
     -13428686 61446853 57474625     94450603
     48273903 6439115 26235637     53498775
     51969436 76005396 53167845     54909863
     50692878 76284170 64539000     65283135
     87050848 56286679 41595805     58700244
     -140481207 53926572 9970536     82510541
     110445981 47263333 40612747     72089293
     101156772 48499812 44905770     68329289
     115266723 56749670 32570291     90384646
     10260803 50718501 52291068     54849215
     104052897 69678109 45055335     92553402
     35936985 -16800042 43967981     73892636
     84010330 53352318 58601384     69731004
     50236120 27449323 47730788     66476534
     77804891 102450604 41230083     95252505
     54424220 87016865 32898394     59481238
     111722588 49854735 49025680     84370374
     38100434 132152564 42273984     98426584
     15485647 48980561 68885507     64480884
     56511146 84529406 23006117     68972918
     123233876 45929073 39935319     82865355
     79737609 55609553 45962576     55076668
     74741757 49733152 53393931     51636053
     75297186 57044938 50280246     56389285
     -1615813 55275958 49495660     68487872
     36102824 67851397 64638586     58487691
     78708654 70736509 70562588     93774964
     45183054 24843275 105428418     86496250
     69002493 75973062 48556349     67298818
     63113039 76221288 49144302     62245658
     95687893 45067622 56233488     70755917
     66823820 80881209 29091382     69552132
     -9130714 108693896 -44567277     98712608
     61958956 56736707 74464330     66926905
     79552128 88970728 44225512     86515301
     94044413 57236113 42028555     67075993
     12563704 51621795 16824246     61505869
     65458782 62616327 51098029     52940134
     40926331 52894688 43261349     74315656
     -6651266 44507056 30586652     59843713
     30293420 58599544 65249222     55655914
     99845446 56147178 41939133     71698795
     61050786 78741367 68529384     82088456
     -15752539 31900661 60735270     93648708
     51130665 31035813 75201647     56024943
     63199202 55853949 58306182     51126247
     97259359 44672326 35432499     57438205
     92811941 46787038 21895834     68641608
     131948217 47346086 39766278     92827614
     70576622 -8738703 50020234     90063649
     45352961 67847239 91414529     78381659
     81397118 70022866 48621576     73808909
     18096996 60494290 84028451     88526275
     12130920 60365167 60403765     70738690
     70452923 69100140 78214382     91534396
     29352797 77069756 4138033     82850939
     62495317 79228560 36771575     55890776
     125283626 49242530 45302220     93595521
     -14101447 48086175 33173102     68286593
     121921329 61129813 41182891     98000949
     104606249 26434339 40751233     79651379
     110434457 47568922 44108230     75878537
     59843034 44821709 80963277     59394934
     55727617 54928639 82515971     66939217
     113354760 46046684 44060103     77228496
     62190402 94208768 50655603     80821792
     81520908 83850547 59147730     98286101
     84124326 90664553 42474462     91030318
     83943313 45912904 15967002     64827750
     73511742 68512740 39711214     55502617
     50678849 57569551 54283793     77366008
     71742096 175493305 84305287     91727136
     95936124 47344035 71260714     88307801
     88811071 41803650 44569414     52304849
     -10807155 30250198 39989634     69608172
     100764335 46834332 69578324     90943921
     18326430 68982947 -1083413     91012444
     58620573 63588402 62226598     58202749
     60418612 -3991902 58184335     83322930
     39142127 55334697 46769868     77213288
     72963138 107630634 41584469     95945157
     97713972 48068174 39786602     59335932
     51684346 85868210 78413373     89732882
     42823115 45522009 21429885     82804168
     128017001 44613466 33597251     89971689
     56783579 69900441 66086106     66537230
     52473285 15010539 90324054     88515348
     49487043 69414439 95154301     87822754
     88021105 49157248 52118042     63063365
     100186141 42430324 73242612     91726441
     80559735 50578667 86556533     91461851
     64439016 50918923 65460231     54585198
     -193623 37102556 51755070     63908015
     96435550 49041818 68633371     87877837
     4236440 74529752 45834074     78227854
     55353233 30110953 81996582     67967072
     57157573 91620345 58363613     80908717
     115180584 58098518 49219531     96265904
     95402018 42354476 63488112     77263876
     71254208 50587485 -357033     73137189
     99310747 30082185 58602819     88559399
     115661849 44768409 50102792     84300119
     101254400 48057624 52946901     76025853
     -20963208 53189493 39863379     76116683
     26588303 58311069 4231571     66763186
     50548269 77523863 59770114     61609174
     100251666 55190350 22731137     83649371
     59824475 57849466 62687010     54127886
     63063979 17905829 63924774     69810987
     40909360 104588265 44263254     70043166
     -4236889 45630470 46748763     58716620
     105607648 70859275 40568267     90802329
     106160091 49972305 43961672     73860994
     65266296 99676898 46405658     85115807
     71215909 30040736 60712279     62615680
     69586231 94843070 18385706     96982063
     120587756 46534228 49771441     90660377
     90561935 25407035 190823195     72742912
     117236738 65419543 39929652     96352998
     -15296824 50939330 59798664     88135315
     -2282976 46587748 49039642     60010847
     75727593 68428952 46187182     64110643
     69800522 107764199 29679403     98823846
     131216407 48912059 40895754     94791248
     102933933 59973611 40911652     77586186
     91763613 51185666 62507853     79224144
     49501485 51100424 124567448     98936570
     30480641 47066674 36279583     68746424
     116196391 50621548 40922293     81507422
     110207625 42036792 29221235     76849307
     64081341 69608628 87485203     94942096
     60978520 45632028 50921420     79005226
     58575132 15150354 51490683     55643496
     91933482 44681850 76211417     86593941
     92300878 80673240 45323908     92065096
     -5331199 48538860 73419616     89390126
     79108206 81068276 62030324     95973765
     70066613 3386385 54712393     82120857
     47050999 81717861 50279054     52815391
     96509604 76310280 42873350     89460211
     21814965 64197098 49790699     54273375
     53546088 93071224 43049417     63433660
     62514896 50233461 109347022     95862295
     78230930 90817277 43796066     86611225
     101435841 45835848 52817962     73856563
     100350991 46486779 60436552     81041612
     53569876 99592639 47876996     74806465
     90922965 48091655 40375477     53157096
     102923787 58293647 49197295     84182139
     68371896 5729560 46159211     69529612
     59677856 74830006 5648794     79797534
     16644555 49026751 66683351     61166226
     140128589 124885914 -6371598     77567932
     -33442192 44615938 43725213     83883781
     114647118 52232686 52962923     93609648
     60498224 50555227 -5332645     67324994
     54468548 49613423 73383718     51232770
     62939188 83240213 32108703     65009417
     32458007 79450517 -3614291     89878799
     -14995758 61919259 51663108     90678728
     55588958 -1461679 26810765     68139454
     32586268 68199119 57977529     55690883
     15989946 49795524 101365118     97271247
     82127311 76017959 57026109     88938670
     231026178 70095905 46126905     66127716
     10398957 46229205 19635228     55467383
     96169825 55927112 22025636     81009797
     68054631 54190437 54044067     50056468
     -36052588 52924217 44493246     95570579
     93847731 53419792 25704658     72501404
     -30001147 45797449 40528480     78427673
     63271070 74590656 71259238     82888529
     39388501 117625326 59107899     99445291
     33119873 82148344 -1751962     90052425
     48874714 70979044 62080587     55701350
     29850111 52341062 82718678     67310111
     73750559 77926065 34899422     67715709
     76094841 17485924 50493539     69830469
     83152508 64243187 10679863     87654485
     50384751 38547676 39897895     58499326
     101143093 71855313 46973690     93739009
     49755861 67773030 41412940     83334947
     72652722 85971694 45714730     78106121
     89029010 34915691 42452324     57293674
     9183184 50402165 53519147     56839005
     109286322 53873549 40785158     77711949
     56956942 77544191 34512636     50927152
     62082922 47657409 78025137     61532476
     76800151 11471464 10933890     92294449
     67228857 41687542 101082664     87351991
     125999469 29673162 37155854     97070164
     -10599243 55512084 45666685     73878522
     73581735 46828648 69252279     63429683
     67017018 70393174 54378028     65555192
     77061419 47736720 51619244     50184295
     73654692 62964817 19463446     68094925
     96623044 73138100 37431169     83268438
     56100240 35633072 82669732     63865078
     54383065 -3833031 51639225     70583582
     -18614154 49080008 64107038     93901640
     46760618 44577637 125415123     90520290
     92087522 58227038 53436017     77517545
     94990387 56175037 52561933     77494394
     37426416 49481196 91319971     65475201
     39286080 48148482 -5989891     54124326
     130084860 45365217 42453428     91670485
     70574381 72521726 29684771     64350223
     95143291 54165634 74168333     97244325
     100457490 34275209 72230011     99140406
     74846740 45471472 -16186528     87443219
     87820248 62840709 37293818     64305694
     61296171 49743902 9770658     52208090
     63667806 23610080 77014148     77800121
     78713024 72051654 50361502     74893110
     -4616330 46767583 43209955     56694318
     33107775 48789255 -36313253     91266855
     99288827 62449276 54774126     90279428
     64863772 79188573 46493959     64313264
     86710550 69565316 52804528     82847532
     58110181 59448595 -7612193     76109453
     97234917 60251816 12729890     95695310
     45371111 45744044 29404869     90908666
     52048695 71365445 74249796     71431098
     38561310 48492835 -18926267     68130126
     56374573 -14247256 51406909     82756751
     38435691 97898458 1833592     96901222
     53474132 -69326780 118342614     59147554
     76937559 53085668 55885706     59675899
     126122481 45661120 27346599     95375526
     57177176 83432179 2011324     89536772
     72353307 50531615 23491864     50331779
     123046617 52957311 40912087     90683132
     41166951 -6916363 84128660     98939670
     47115508 53958953 121771371     96612872
     55024623 74258378 60998418     64048420
     -1499916 81196644 41895299     86692387
     77375933 83122566 44506562     78772044
     48465390 61124963 -16463657     76992747
     64366607 51243193 32466923     88912606
     49769697 88345097 34520061     54533346
     63250118 77091367 56168303     70276794
     -133207180 64734096 32005970     88084301
     61425230 67096274 89080666     91369264
     46945514 76247049 19702969     54428133
     67005576 88535612 53724849     83033089
     95690265 51255824 60492738     81205806
     119879177 54333429 50405964     98385501
     7996338 47903728 48580734     50588878
     77540997 90181952 41260474     82750457
     95409213 44800283 36026849     55121227
     77508123 40138326 61746763     59844971
     -25506882 26652303 46484644     94400826
     78413018 52632009 68240874     73052869
     49578155 88526291 68059364     79930845
     93258678 10251295 41708047     85443638
     89294268 16562768 62399361     95858928
     107383524 58660655 37560284     79422368
     97329346 31072270 48639222     75624350
     53410089 81813829 42197436     51188299
     60505955 70961770 48680345     53915370
     48818666 26440926 26676729     64723017
     50248246 50801230 39950509     97884257
     53063158 29903250 45737981     86608265
     87892064 -473498 160556414     57882083
     117188784 45113791 40395306     76464824
     125182855 45537956 42424032     86911945
     100733744 58303574 48848550     81652905
     110275645 49140936 52242049     85425570
     96326857 63670042 55381207     89145819
     92944457 64323601 51924472     82959722
     107784410 51074386 55376328     88002036
     44696 38693806 39603211     49926322
     95899785 27377367 54717144     83967577
     13072691 -4257004 55346167     95592024
     47991461 94665391 74886455     91310506
     134425521 49361041 41689685     99243219
     83855829 45686262 55101173     58410261
     50671965 57275644 107356819     89071382
     35268568 25200072 64745976     53338874
     54869458 60775358 79448753     68860711
     107006606 119756583 -22405599     71842808
     71740569 65480777 71700739     82689013
     118601098 34904911 44248169     88672373
     46285210 45416777 21999720     56339316
     128839574 45144737 45628413     93379821
     206321889 75065259 54802756     82785261
     -27198390 48386827 48534272     86220098
     78837351 16963623 65813110     88415010
     80768198 35499778 47567014     53563672
     52723709 76217449 61021624     63729917
     79248280 51458884 60760136     65234248
     93216877 53728674 42247123     62959757
     88792335 46723845 46873754     56157228
     86577998 48815157 33531379     52800246
     106485289 34718179 41712174     74207314
     29824258 37383947 79999962     61853466
     64489408 46980900 99819043     85056329
     102215458 56720953 47349672     80053015
     -23977829 89867677 139467550     69037438
     96642249 65444615 52035293     87889085
     124993250 54469593 36356597     94044747
     91339261 46475799 45935515     57518300
     72601619 73044570 39610782     59023925
     93860217 64364242 41990023     73981595
     46552424 -2491182 30027014     56916187
     55621489 62833933 77107102     69329640
     76263101 66617479 45846211     62493731
     80550204 62214943 69920913     86453147
     84767804 72918618 51133972     82587715
     83586448 73348563 45011131     75713495
     28575028 76695926 21001709     66391179
     88651761 59036277 42509028     63964292
     54871691 50359536 71574507     50572729
     108144603 48562008 29735709     77909367
     108122984 57722452 58102655     97715013
     86378647 46097359 88466853     94709778
     120401618 53071458 47944510     95184566
     114566510 53989002 40171304     82493956
     84344628 65157017 40099476     63368062
     50811145 57728758 116736774     99043804
     59929994 34602574 68723649     54779084
     31155733 68794711 65994076     65733512
     89600613 25411228 50486574     75404054
     65182259 74897989 41699065     55546226
     76743550 45460278 41310207     52409310
     103566355 73633008 47449976     98416673
     56408689 45460013 111725216     87361064
     60963329 58103757 5356275     64649490
     39494264 -7628895 44843306     62039529
     95481183 20806893 63631898     99034246
     59843212 49125168 105991183     88726551
     54905042 44990256 110389896     84052144
     92646012 82653831 43495378     92562207
     -30393468 141621260 65794192     62879151
     112935630 56859777 42601583     86163903
     79350034 68182205 59064501     80363720
     122530823 59626344 41048305     96972421
     47078885 108717695 41980687     71544199
     65179245 1409678 43698480     68196215
     115673138 32541810 21905969     99124921
     94966957 17529526 41350783     79516248
     61891242 58156369 66230093     60044688
     46319749 41647280 26251553     74769934
     -6386820 46612172 76666915     91766401
     26845052 45421759 78930198     59607488
     110774959 50324378 61737808     96604103
     101656271 69553663 52360807     97337822
     83211678 64378684 67339027     88696349
     82815664 55498411 66589722     78670711
     64922357 61209364 21450265     55619921
     31232202 20307489 57102818     54624882
     107636176 48162763 30836754     75900864
     74686237 60055367 65606827     74115547
     -13215368 50205551 43819136     69340515
     74512539 80321357 43101255     71702068
     88746617 73069987 41574690     77158206
     64453454 -7869470 45734526     78785471
     59316594 107698069 56739367     97521665
     125098713 47300524 29640661     93697320
     122681527 54744034 47177541     98370015
     39466239 73184685 15939641     57050799
     86070363 77534495 59937874     97309644
     65726102 110570361 44351446     94414940
     51279896 94340043 1273369     95285113
     34142933 45149579 37532747     67526234
     77596008 35648240 3222126     76625209
     84712854 81606203 52561271     92647487
     58931887 60090090 57860742     50649633
     111340053 28726853 53558668     96899890
     98661600 32599202 45315928     72106359
     47209816 47673639 126306730     94957126
     -15019787 73009910 31958165     95343963
     223966101 58902274 54420066     96150261
     11721502 41441730 58900278     54798639
     59226974 58453526 -3177451     71796811
     5290621 65582137 50531117     72923073
     99381097 23842555 47569563     83836239
     22215327 52289287 58025457     50200017
     73692876 68881549 53460484     69801858
     102994026 45450450 39718034     61929428
     67263226 16351405 46594640     58234640
     96433374 52849035 47373209     70422691
     61093195 -24743751 49126818     95691904
     87488395 54518280 43423025     59196613
     104097580 44685015 56225546     78775122
     47888301 68432539 44382390     82147997
     93759344 48677855 43657414     59861528
     94552312 48519180 46574481     63412894
     86123518 49231258 57768849     66890617
     75694544 6337351 47150713     77236158
     109966853 65168742 42559725     91462265
     57426867 38870011 42719229     95329764
     32753990 76703678 70672487     76723074
     3368941 37734999 52280623     60238224
     91562327 55757455 28715850     69542825
     90911065 39512417 40862812     52989511
     65542380 7593841 70993272     89669878
     81014222 49622128 51787363     56190773
     22962987 23652855 55473672     57919489
     38537288 58587271 87467675     69618123
     69832037 47350034 17360036     50760636
     -165889 46921748 47101015     56289156
     74942941 46844914 63357732     58912536
     84117051 60580189 79887453     98351613
     101916672 76408196 32890757     96372724
     66270462 79966154 66719608     86723838
     68768866 39185118 69137925     59449720
     90794356 41526829 50294466     60290089
     137364663 -68760711 54585543     86907361
     107869389 49316452 49991216     80944016
     92807632 45630273 34431033     54945694
     67334071 45515905 79735778     66352855
     61280589 3399830 53894095     72502868
     98462374 47924730 55008501     75162685
     56563078 71571094 7354305     71718522
     45949080 84190968 9582623     71495896
     46035987 45528620 51715743     86412525
     102195992 44745036 57667557     78375609
     62412283 38887046 72199077     56452370
     94495322 55467596 58700634     82430469
     82366249 53935697 31486965     55753489
     -15507750 23510302 36851831     81379203
     16487956 48994695 1408932     70369851
     65696525 29798471 54253321     50879406
     80030942 61923816 54257309     69979005
     49883003 49564896 270176     50116200
     93406004 56231545 52379325     75783872
     10441508 73066921 40377511     65103428
     51684957 75177642 65515125     66144638
     93554664 62328005 47482459     77132071
     42717942 -24391355 10128656     97778110
     83754515 37007733 12089960     72556387
     25503681 57494759 17127472     54135626
     103696668 46376639 47024920     70865152
     21380521 57148576 86906144     84774681
     92701645 56610135 46059004     69137746
     76853081 66043437 39828000     56491490
     9506123 47484528 66571269     66650241
     68500167 61219081 53442143     56928546
     110927786 59312530 46288106     90295457
     54086117 87422091 60221946     75497205
     53430642 73397710 85386488     85981789
     107906815 19266559 47982270     97350549
     55092743 28233568 79231695     66819020
     100055977 34030894 55874832     82627950
     82794234 66964972 42927743     66454123
     67777541 55823201 52799771     50167961
     91130869 46397765 48103936     59399514
     68888535 38278413 62500700     53838945
     48339580 -29221405 53784437     92073445
     56567879 52027107 1886047     57647443
     79487273 74851988 51830327     79936561
     78800405 47735672 94529572     94832582
     88495872 59243248 13831489     84846245
     53110023 57384340 -26407676     87840515
     47878165 101986700 61350571     84982509
     -21397567 37063089 63033572     96429789
     24117414 88400330 43753769     70137151
     50180807 74365202 84808842     83121778
     51861852 50224334 50072454     75485111
     82786095 100171106 41094793     97818932
     82106990 54238840 41674921     51787668
     46689609 49727941 33623141     95596427
     140715438 44546839 36910234     99290681
     94403057 65581197 64949288     98700454
     91401232 46972004 55909541     68049820
     102396051 51013307 43131543     70307815
     75428474 100300697 46770979     96267186
     61231301 49480576 90493303     74972092
     -17893301 52249159 35381430     74033215
     90236307 5382217 45183106     90765223
     59851 44605628 17822337     65995457
     12430196 61559717 66520614     77750627
     6839781 36263514 44071540     50029827
     58788441 54075604 88869828     75501107
     93804515 45905090 70304241     83780762
     73161878 66008887 44894579     57832309
     60296959 77156326 31952919     56438861
     51279052 48190428 -13787553     64195903
     -17309049 63416522 44422400     87248430
     50878878 57753482 48341299     59031410
     72624452 45784345 16166474     53180867
     104962422 48203328 43549521     70482256
     46140644 68577347 67524524     56009430
     118352564 47191064 47926985     87237564
     119908886 45596567 40666338     79938888
     720460 34284090 40003223     54060600
     56640144 -757093 78385660     96511096
     36808590 86265769 70212394     81770056
     56155199 39710098 39816058     60318272
     50086111 75135268 62386433     61375123
     74217542 71318534 58162910     77466099
     101381985 54908323 49310004     79367224
     72085284 66236153 44983360     57072132
     62000213 106591506 41627630     83986281
     60981291 75174388 41787358     51709961
     31158044 61040225 65588500     57571280
     67989011 68637940 66561124     76954991
     69600417 87673798 43692432     74734154
     47069260 49575580 34824638     57795848
     53042641 92928944 57471794     77210448
     38324912 56577450 -4732025     62256813
     63999013 113336337 46608332     97710745
     50217658 82836513 44218285     51039726
     96222938 45254818 33671833     58744423
     40979954 32348466 -84841     52989542
     83487213 52534294 43450011     53238853
     74224317 52199786 79424735     79615959
     108416239 69771724 36225482     92901132
     112507461 50524692 41675486     78474602
     32339235 37966594 56209598     54574178
     84564969 41894154 46500332     49899180
     9477303 59156593 40503406     52283134
     52287615 24646542 87204125     75573227
     55839736 27007362 79571765     69132361
     110977030 45295181 44972742     75011869
     11935507 57303480 47325553     54794104
     41661184 90213328 42730624     53383264
     60382600 46224454 71063250     51437326
     98995987 76132496 41680170     90575771
     49693155 102952206 69568508     95981026
     107302847 52653665 50882967     84606533
     54180405 68244226 61267417     57458962
     61566935 76583848 49805822     61723553
     90505996 92984730 40991958     98249819
     78597746 19696298 74938287     94567774
     46112129 83422648 87346277     90647971
     79865608 21522279 19468569     76775035
     36048230 55436123 35059886     89480984
     50327734 83558330 57914558     65567787
     48040014 98023353 48026184     67856478
     27429085 41412014 26704361     52444226
     57026537 87750831 25804096     69911867
     66138199 78863178 41614894     60383222
     46932710 37812423 -36157173     83177494
     61235391 72596431 35024315     49745977
     115340419 45679739 41519030     76306332
     84922745 36589834 64244348     73305271
     54083082 71789935 74685723     74325719
     90898395 35624214 78502383     94504688
     65957885 35835027 100998741     91849712
     90356743 22299472 63423644     92209007
     53997023 48075372 36727383     95225729
     73038044 75904870 44804124     67514101
     77043619 70479603 51925542     73215926
     88641705 29705894 48576518     68240376
     122380059 45691049 42405718     84243905
     58128462 80655397 58245861     70796922
     84779808 54045604 44882569     57474989
     52534390 11652522 71064628     72674643
     106989872 49452008 46163343     76372354
     55344379 65291351 79979528     74382343
     49652615 19794672 3020025     64737524
     101317082 78829286 44959483     98872836
     55963553 46665177 81595492     57991703
     68154389 76877678 58938035     77737020
     84747922 50895534 50813675     60224157
     97210292 59924399 41836094     72737915
     78965236 52315220 65233702     70281072
     85211974 56727173 26932497     65945168
     68388373 62494628 48261070     52911106
     58611121 70531992 78712140     81622205
     62118808 38074447 -16237588     78181582
     46220362 19230453 81128163     68846084
     106525541 71494649 42122946     93910083
     77942538 69600382 46201098     67510954
     45797826 79383455 59464646     58412913
     2688417 61703870 45164108     66280001
     104580162 44646498 47301761     70295408
     74423002 78915872 59673095     86779561
     64356660 105123900 49090475     92337984
     46885417 92846405 76618374     90117172
     98426880 49598367 44493039     66285381
     70528305 81875442 57708492     83879174
     85445079 50808962 61252733     71273766
     31362844 65440994 9923345     63426828
     -27261429 54026464 36991239     83568712
     58948111 55441512 89339312     77495949
     70887305 65050580 50848045     60552921
     57509741 90660749 39961300     61898742
     89237049 49829691 55496561     68330411
     39572189 47385912 -12226374     59312186
     60901266 59814608 104365882     98848694
     -16792380 44812140 34012108     66864487
     83871658 78044039 55572600     91255254
     62426831 63479562 96671646     96344978
     26248888 46012266 44312855     89627714
     7214491 76706366 50717572     82309948
     45568732 61733436 81079432     62148512
     58201303 81281949 48934519     62184742
     89903591 46840415 34513822     53168711
     74779057 69915384 66216937     84678656
     68091314 71802486 69362268     83023274
     201639941 77576895 48551934     86387885
     101970576 48821348 39900172     64459171
     91213032 9606268 42504464     84839339
     -117150969 47365809 84727691     76100069
     52009137 45484146 85418246     56678564
     7700867 56645908 52203582     63249241
     35801114 61500884 9927438     55044322
     81774140 69249801 64782611     89573467
     37877943 72681972 77172193     74076691
     82404567 51043733 52113794     59329082
     61401807 49907464 106814425     91890669
     -18654038 39909239 59427176     87233561
     89201206 62595882 43665226     69229423
     94244857 47015874 11943694     80255869
     86067793 30061292 47639474     64374071
     91006001 77221060 32358089     86807511
     -6482432 55668423 45097723     69349409
     95377399 33208918 6384769     93683313
     22517666 63530440 69214343     72327561
     53623674 83464731 66832269     77687817
     91877533 47459073 7438215     82836880
     32690558 35971273 105783732     86183856
     84322422 25603187 69345870     88793283
     80987434 53217310 4779933     80363417
     17922879 48298219 65564821     58040716
     48971243 96710431 22268836     74351356
     123345044 49141556 47787630     94041184
     80764794 62425469 34152717     59976020
     51756081 75146417 50788645     51458115
     83680203 42144591 -6173935     85609165
     92281773 73461382 50701421     90211489
     80674518 30017769 36849565     51706746
     55069899 58746216 2489113     62265597
     33342505 57815044 82488137     69061169
     67589705 49090250 778790     66839697
     -10198302 18337602 55258014     96180341
     58608684 49902445 85793669     68071842
     125439688 57450621 41415021     98072484
     51919606 -13319750 35645203     67493932
     27760001 99059843 47858500     81258883
     105178479 30621900 20042796     92413346
     73685355 71094880 76145998     94693526
     124987040 40111125 42026965     87630929
     84246427 47068271 78376077     83457701
     -25855702 36892705 42658445     80683464
     104892442 69410204 34466674     90774454
     88081364 60843668 13969508     85894070
     -31206929 34530648 45385284     91123158
     38332582 48926340 35627812     55220433
     72434039 56905363 57301288     60407605
     68491948 58350987 62616646     63226592
     60541273 50198355 70899877     55406533
     52725295 83712557 59318228     69523387
     3814559 52872911 34126580     54204059
     50572582 35227242 47467114     74623072
     47340406 71533241 61214014     53854588
     80508811 61643033 54190088     70108933
     780287 86544905 47390402     95255532
     77244353 45274208 73228427     69514226
     48292513 50377581 56772002     82687027
     49538236 49865384 82627423     55798421
     99593217 75569498 47836046     96765676
     87498251 61848676 47202638     70316636
     95170085 50205636 46686443     65829359
     22739889 46257186 42291363     86917726
     127909900 45285221 29280096     94853536
     108076870 45487787 29966180     74537329
     31976417 97079356 67251831     94455223
     98055430 37702068 47977210     69058619
     81503967 53369359 49174779     57815017
     87343077 68253048 62757650     92120927
     78876293 49495256 62973349     65112062
     117813088 22526256 41144810     97159906
     109468764 64555916 40620427     88412100
     70218772 61472763 45046062     50504553
     50041319 93358663 35488290     58850289
     83798965 58900591 58838554     75305052
     64601443 56105238 34512833     57732742
     183283372 85206025 67265943     97379840
     84069079 67485528 52865172     78186823
     63447571 74693765 16458367     72621471
     51837584 83839954 34380973     52235033
     65101673 85901769 64093448     88863857
     113805255 57562881 43270185     88405241
     116014449 48879174 16931983     98900130
     100087448 51131316 52193734     77179413
     119625176 39835159 58022792     98540858
     58076251 102236670 64849029     98929100
     86954178 48900118 40371685     49992923
     52250510 32700384 71483287     51761489
     59156392 96120727 34601214     71614367
     56125759 38344852 39883186     91537819
     117855060 42342686 30290274     83121737
     107523245 123596850 114861194     67985404
     49831786 30162515 69375802     49773123
     47485086 86906473 9970035     75360040
     102876313 64847598 45041802     86532672
     53116269 41342368 79513475     52015634
     56545962 7640374 31925625     54879545
     74915258 47763425 -4392514     78010012
     51790653 60810541 46971657     80619568
     46002325 68397665 69254064     57421150
     85589677 84890262 158059355     96544649
     72852804 64504370 68874472     79998725
     92260315 31726675 34762272     63670968
     104316829 65776131 55053119     98913077
     65500622 65569214 62140165     66977121
     89450189 60226247 66510076     89953947
     100723216 48594279 41477759     64562233
     93268299 44495241 15197841     73504190
     80106004 63141051 43549073     60563063
     56850039 67702461 57871931     56192098
     69423764 56860884 61104233     61155794
     68643480 61409427 76476710     80296937
     84997443 84404157 44975094     88143912
     59488205 89196906 29336186     70287406
     72526412 62343149 43042706     51679547
     54028314 59239520 -2332882     66539505
     -43967851 40594784 31444079     98162203
     75571892 77444790 63318810     90102781
     116792284 48436799 45775665     84771793
     71609794 47781862 66171921     59330667
     75821279 57775046 44408804     51772042
     90701221 51618310 42258098     58344707
     88293520 73621902 58246944     93929293
     83453798 48713595 61214162     67148853
     60926607 94510417 51793345     80997281
     -35956698 52004583 40393589     90455437
     4216041 70899460 40442276     69226178
     77543354 81714329 40429920     73454539
     237212992 40019669 55506818     82833394
     73107548 26529704 13529288     70948363
     75570129 66473160 54588140     70398542
     64615060 172115412 92581270     93440406
     60927949 102228963 33287735     80807662
     53356230 73740278 52912625     53776227
     105772201 69303869 44413875     93256872
     103075496 61511393 47725944     86079753
     120941296 45417244 45710407     85836534
     59761891 81511517 75584588     90625002
     92687186 45494890 42470102     54419123
     59851597 70357147 48391564     52367309
     87848010 50831417 46796682     59243160
     99580467 45832441 69598197     88778101
     51034308 69527050 6434440     65065559
     67015496 58088763 23431785     52610954
     58334497 114287266 46837395     93226090
     60802531 48278028 34179959     53996236
     179975267 21110942 90809515     62732327
     123795334 47970210 44254273     89786892
     116717732 46589607 61069420     98143711
     67649538 5300151 46104635     69182047
     135693567 39803265 39838287     96456902
     84886352 50860420 29843537     56841704
     93724625 52366089 73697764     93555425
     77007521 46904101 71482996     69161544
     96577627 45036793 73994132     89375541
     72240276 100785667 43477764     90270850
     99450405 48961285 44946073     67124980
     97254178 19276164 56756592     95462828
     47874961 112029170 42149367     75820785
     -27914125 42141945 35189751     76815527
     111096809 54851391 52248003     91963185
     85199777 6864022 44330023     83393898
     95373660 48009661 39877377     57027697
     48916618 93951420 45564108     62199187
     89593389 52507085 80427586     96295157
     10292023 62641775 42379020     56829394
     88527579 36647138 45365855     57974314
     120352344 49820039 42785267     86724618
     -35233959 49048677 47273254     93656392
     52920691 88279884 23524779     68614561
     36700634 98419277 1759119     99231919
     63079723 113834700 42422287     93103992
     103158113 68911643 43265584     89102623
     49987417 19702539 87476374     78489298
     94717996 72486259 40789473     81760642
     46143441 77791536 63115585     60817629
     59619701 83740760 52545879     69673253
     110223844 47601005 51636330     83228093
     100338044 41305980 35467537     61464342
     68261568 73292713 70279003     85600290
     95992811 77938448 46201103     93899287
     65392674 84233985 31819506     68745660
     45354753 45001272 61124328     76570509
     63709069 61692788 23675405     52664942
     10200199 44656845 36836364     67884889
     77241524 57551103 74667927     83227769
     46768307 72726630 86981317     80243168
     61736467 85075153 52737115     73315693
     62350542 47946881 -8276848     69512756
     10731243 55379505 62469904     69218662
     109826649 54816945 50618923     89029432
     72358452 84460417 53990913     84577265
     67547725 57628478 67483963     66427155
     96772673 26048378 47999488     79451992
     100664278 60094106 31488179     80208722
     3346393 53555673 40732223     53042482
     130117216 56281589 143333949     84401383
     93912998 63095022 52422248     83197341
     57882009 26122734 87799293     80286646